<?xml version="1.0"?>
<opencv_storage>
<cam_reprojection_error>3.6941760536598700e-001</cam_reprojection_error>
<cam_reprojection_error2>2.7265315735934392e-001</cam_reprojection_error2>
<proj_reprojection_error>3.6813167843514116e-001</proj_reprojection_error>
<proj_reprojection_error2>4.6835910161247568e-001</proj_reprojection_error2>
<stereo_reprojection_error>3.9727478672319683e-001</stereo_reprojection_error>
<cam_K type_id="opencv-matrix">
  <rows>3</rows>
  <cols>3</cols>
  <dt>d</dt>
  <data>
    1.9094219421582366e+003 0. 9.6597294156917701e+002 0.
    1.9052794470141378e+003 5.4734184155285311e+002 0. 0. 1.</data></cam_K>
<cam_dist type_id="opencv-matrix">
  <rows>1</rows>
  <cols>5</cols>
  <dt>d</dt>
  <data>
    7.1581162570316208e-003 -3.8765392067189743e-002
    -2.9162835284228215e-003 -1.3640949180323695e-003 0.</data></cam_dist>
<cam_R>
  <_ type_id="opencv-matrix">
    <rows>3</rows>
    <cols>1</cols>
    <dt>d</dt>
    <data>
      -1.0329367189910063e-001 1.7230169992468583e-001
      -2.1798150944761320e-002</data></_>
  <_ type_id="opencv-matrix">
    <rows>3</rows>
    <cols>1</cols>
    <dt>d</dt>
    <data>
      -9.2817038148023848e-002 2.4642209270533877e-001
      -2.1515616407424835e-002</data></_>
  <_ type_id="opencv-matrix">
    <rows>3</rows>
    <cols>1</cols>
    <dt>d</dt>
    <data>
      -5.6155117359763244e-002 1.5501023934547839e-001
      -2.2538798349462909e-002</data></_>
  <_ type_id="opencv-matrix">
    <rows>3</rows>
    <cols>1</cols>
    <dt>d</dt>
    <data>
      -1.6529186174995791e-001 2.0270056900823782e-001
      -1.1791791691010540e-002</data></_>
  <_ type_id="opencv-matrix">
    <rows>3</rows>
    <cols>1</cols>
    <dt>d</dt>
    <data>
      -8.8817041260712923e-002 2.1129833635960579e-001
      -2.1329220993631094e-002</data></_>
  <_ type_id="opencv-matrix">
    <rows>3</rows>
    <cols>1</cols>
    <dt>d</dt>
    <data>
      -5.8887113328049447e-002 2.0296623292934385e-001
      -2.8954207659737830e-002</data></_>
  <_ type_id="opencv-matrix">
    <rows>3</rows>
    <cols>1</cols>
    <dt>d</dt>
    <data>
      -8.0173700719434832e-002 -2.9992195223929902e-001
      -5.3463286308957636e-002</data></_>
  <_ type_id="opencv-matrix">
    <rows>3</rows>
    <cols>1</cols>
    <dt>d</dt>
    <data>
      -6.0496648004215885e-002 5.4382144635449325e-001
      -5.1163880130052830e-003</data></_>
  <_ type_id="opencv-matrix">
    <rows>3</rows>
    <cols>1</cols>
    <dt>d</dt>
    <data>
      -3.5035381944287909e-002 -2.2496286933404458e-001
      -4.4194245848265638e-002</data></_>
  <_ type_id="opencv-matrix">
    <rows>3</rows>
    <cols>1</cols>
    <dt>d</dt>
    <data>
      1.6566365960058175e-002 6.9956926638398975e-001
      -1.7800824536438348e-002</data></_>
  <_ type_id="opencv-matrix">
    <rows>3</rows>
    <cols>1</cols>
    <dt>d</dt>
    <data>
      -1.6375089373437721e-002 -4.0455012646949817e-001
      -4.1219318146273040e-002</data></_>
  <_ type_id="opencv-matrix">
    <rows>3</rows>
    <cols>1</cols>
    <dt>d</dt>
    <data>
      -1.7355886729328779e-002 8.9310035563582435e-001
      1.1079362730001567e-002</data></_>
  <_ type_id="opencv-matrix">
    <rows>3</rows>
    <cols>1</cols>
    <dt>d</dt>
    <data>
      -1.2249570592852387e-001 1.4419425916346129e-001
      -2.7289342362507690e-001</data></_>
  <_ type_id="opencv-matrix">
    <rows>3</rows>
    <cols>1</cols>
    <dt>d</dt>
    <data>
      -1.4964757243297513e-001 1.1018612622673148e-001
      -2.5405260348442865e-001</data></_>
  <_ type_id="opencv-matrix">
    <rows>3</rows>
    <cols>1</cols>
    <dt>d</dt>
    <data>
      -1.5889978257717297e-001 1.0631577262721890e-001
      -3.1590474180163747e-001</data></_>
  <_ type_id="opencv-matrix">
    <rows>3</rows>
    <cols>1</cols>
    <dt>d</dt>
    <data>
      -1.5177393609149915e-002 2.1839182205864566e-001
      -2.8952208757606269e-002</data></_>
  <_ type_id="opencv-matrix">
    <rows>3</rows>
    <cols>1</cols>
    <dt>d</dt>
    <data>
      4.3666090232518011e-003 -2.5110653018357160e-001
      -4.3905068840590041e-002</data></_>
  <_ type_id="opencv-matrix">
    <rows>3</rows>
    <cols>1</cols>
    <dt>d</dt>
    <data>
      -1.0409039263988236e-001 7.5089340783920289e-001
      3.2275124827138665e-002</data></_></cam_R>
<cam_T>
  <_ type_id="opencv-matrix">
    <rows>3</rows>
    <cols>1</cols>
    <dt>d</dt>
    <data>
      -1.2775652426248432e+002 5.5955438861237653e+001
      8.0158331351846095e+002</data></_>
  <_ type_id="opencv-matrix">
    <rows>3</rows>
    <cols>1</cols>
    <dt>d</dt>
    <data>
      -3.9045152148047987e+002 6.7418709832051235e+001
      8.7275016790197378e+002</data></_>
  <_ type_id="opencv-matrix">
    <rows>3</rows>
    <cols>1</cols>
    <dt>d</dt>
    <data>
      6.8404478945422397e+001 4.7320104542170029e+001
      7.5767280539562955e+002</data></_>
  <_ type_id="opencv-matrix">
    <rows>3</rows>
    <cols>1</cols>
    <dt>d</dt>
    <data>
      5.4267941500855940e+001 -4.9346115628338040e+001
      7.6140704706438396e+002</data></_>
  <_ type_id="opencv-matrix">
    <rows>3</rows>
    <cols>1</cols>
    <dt>d</dt>
    <data>
      -1.5488505826940471e+002 -4.3214539432407022e+001
      8.1261660228084622e+002</data></_>
  <_ type_id="opencv-matrix">
    <rows>3</rows>
    <cols>1</cols>
    <dt>d</dt>
    <data>
      -3.7829742147168565e+002 -3.2034298354904209e+001
      8.6240873313880570e+002</data></_>
  <_ type_id="opencv-matrix">
    <rows>3</rows>
    <cols>1</cols>
    <dt>d</dt>
    <data>
      -2.8799832478674034e+002 -3.4823394237557416e+001
      6.9528387653818572e+002</data></_>
  <_ type_id="opencv-matrix">
    <rows>3</rows>
    <cols>1</cols>
    <dt>d</dt>
    <data>
      -3.1560811568948043e+002 -3.6080073826582911e+001
      8.2543423047479735e+002</data></_>
  <_ type_id="opencv-matrix">
    <rows>3</rows>
    <cols>1</cols>
    <dt>d</dt>
    <data>
      -1.3711359334556801e+002 -4.2261779034568946e+001
      6.8511503789753215e+002</data></_>
  <_ type_id="opencv-matrix">
    <rows>3</rows>
    <cols>1</cols>
    <dt>d</dt>
    <data>
      -1.6399343153597877e+002 -4.3293314546289054e+001
      7.8149348530973759e+002</data></_>
  <_ type_id="opencv-matrix">
    <rows>3</rows>
    <cols>1</cols>
    <dt>d</dt>
    <data>
      2.3194836203096447e+001 -4.8206012115621803e+001
      6.0587592265080207e+002</data></_>
  <_ type_id="opencv-matrix">
    <rows>3</rows>
    <cols>1</cols>
    <dt>d</dt>
    <data>
      3.0903230601005681e+001 -5.1004954481974629e+001
      7.2212419915509588e+002</data></_>
  <_ type_id="opencv-matrix">
    <rows>3</rows>
    <cols>1</cols>
    <dt>d</dt>
    <data>
      -3.2124475606717965e+001 -6.0667245402871266e+001
      7.5975795990977633e+002</data></_>
  <_ type_id="opencv-matrix">
    <rows>3</rows>
    <cols>1</cols>
    <dt>d</dt>
    <data>
      -2.2170679950487792e+002 -5.0753123957868723e+001
      7.8900354070322135e+002</data></_>
  <_ type_id="opencv-matrix">
    <rows>3</rows>
    <cols>1</cols>
    <dt>d</dt>
    <data>
      -3.7460396014286721e+002 -4.5787567501724752e+001
      8.1987158942671715e+002</data></_>
  <_ type_id="opencv-matrix">
    <rows>3</rows>
    <cols>1</cols>
    <dt>d</dt>
    <data>
      -1.9982982107007726e+002 -3.9014972231376461e+001
      6.8362914667598830e+002</data></_>
  <_ type_id="opencv-matrix">
    <rows>3</rows>
    <cols>1</cols>
    <dt>d</dt>
    <data>
      -2.3295200528507863e+002 -3.5677295624314112e+001
      6.1598248723311315e+002</data></_>
  <_ type_id="opencv-matrix">
    <rows>3</rows>
    <cols>1</cols>
    <dt>d</dt>
    <data>
      -1.3450618543743104e+002 -4.1373229700342129e+001
      7.3255032669069635e+002</data></_></cam_T>
<proj_K type_id="opencv-matrix">
  <rows>3</rows>
  <cols>3</cols>
  <dt>d</dt>
  <data>
    2.0242917610194099e+003 0. 6.1548607191873259e+002 0.
    2.0190274789621826e+003 7.6192761778028466e+002 0. 0. 1.</data></proj_K>
