<?xml version="1.0"?>
<opencv_storage>
<cam_reprojection_error>4.0372652208714688e-001</cam_reprojection_error>
<cam_reprojection_error2>3.1169904145046268e-001</cam_reprojection_error2>
<proj_reprojection_error>3.7243156683772061e-001</proj_reprojection_error>
<proj_reprojection_error2>5.0065405779052530e-001</proj_reprojection_error2>
<stereo_reprojection_error>4.4003299042036725e-001</stereo_reprojection_error>
<cam_K type_id="opencv-matrix">
  <rows>3</rows>
  <cols>3</cols>
  <dt>d</dt>
  <data>
    1.9099631046781947e+003 0. 9.5788402596647643e+002 0.
    1.9064733983601752e+003 5.4722216198738079e+002 0. 0. 1.</data></cam_K>
<cam_dist type_id="opencv-matrix">
  <rows>1</rows>
  <cols>5</cols>
  <dt>d</dt>
  <data>
    6.4766162963070979e-003 -2.3925518870934893e-002
    -2.9821067182735036e-003 -2.5840569841517791e-003 0.</data></cam_dist>
<cam_R>
  <_ type_id="opencv-matrix">
    <rows>3</rows>
    <cols>1</cols>
    <dt>d</dt>
    <data>
      -6.5598576592209731e-002 2.2078308777632175e-001
      -2.0247010878165484e-002</data></_>
  <_ type_id="opencv-matrix">
    <rows>3</rows>
    <cols>1</cols>
    <dt>d</dt>
    <data>
      -7.9080007840956756e-002 2.1248800673656293e-001
      -2.4671312803250453e-002</data></_>
  <_ type_id="opencv-matrix">
    <rows>3</rows>
    <cols>1</cols>
    <dt>d</dt>
    <data>
      -3.1279146681247434e-002 2.1871482476338952e-001
      -2.8559129706407522e-002</data></_>
  <_ type_id="opencv-matrix">
    <rows>3</rows>
    <cols>1</cols>
    <dt>d</dt>
    <data>
      -7.6506549353313469e-002 2.2523372307775943e-001
      -1.7806315040773620e-002</data></_>
  <_ type_id="opencv-matrix">
    <rows>3</rows>
    <cols>1</cols>
    <dt>d</dt>
    <data>
      -5.2449162940735636e-002 1.7284803683660521e-001
      -2.0915734900118090e-002</data></_>
  <_ type_id="opencv-matrix">
    <rows>3</rows>
    <cols>1</cols>
    <dt>d</dt>
    <data>
      -6.3142817837343226e-002 7.0767526860374974e-001
      1.7551495122111314e-002</data></_>
  <_ type_id="opencv-matrix">
    <rows>3</rows>
    <cols>1</cols>
    <dt>d</dt>
    <data>
      -9.3628276518806772e-002 -2.8900043675300324e-001
      -5.4844136016152185e-002</data></_>
  <_ type_id="opencv-matrix">
    <rows>3</rows>
    <cols>1</cols>
    <dt>d</dt>
    <data>
      -3.3278768491709743e-002 -3.3622970717813661e-001
      -5.0856174999413556e-002</data></_>
  <_ type_id="opencv-matrix">
    <rows>3</rows>
    <cols>1</cols>
    <dt>d</dt>
    <data>
      -3.2675778316853039e-002 8.0770728921943225e-001
      1.0778841826346900e-002</data></_>
  <_ type_id="opencv-matrix">
    <rows>3</rows>
    <cols>1</cols>
    <dt>d</dt>
    <data>
      -7.6494791958043110e-004 -2.1532139740060416e-001
      -4.4874312747178971e-002</data></_>
  <_ type_id="opencv-matrix">
    <rows>3</rows>
    <cols>1</cols>
    <dt>d</dt>
    <data>
      2.8159389815319281e-002 6.8684070194019498e-001
      -2.4246974309907639e-002</data></_>
  <_ type_id="opencv-matrix">
    <rows>3</rows>
    <cols>1</cols>
    <dt>d</dt>
    <data>
      1.7318519444726774e-002 2.3416084193855013e-001
      -3.3178521174139872e-002</data></_>
  <_ type_id="opencv-matrix">
    <rows>3</rows>
    <cols>1</cols>
    <dt>d</dt>
    <data>
      1.8940260627779888e-002 2.2402621901220635e-001
      -2.9960658756943315e-002</data></_>
  <_ type_id="opencv-matrix">
    <rows>3</rows>
    <cols>1</cols>
    <dt>d</dt>
    <data>
      -1.2015138450901224e-001 1.9987068692947707e-001
      -1.8226707010706888e-002</data></_>
  <_ type_id="opencv-matrix">
    <rows>3</rows>
    <cols>1</cols>
    <dt>d</dt>
    <data>
      -6.4223292936846380e-002 1.3073910732488145e-001
      -3.2910384347599804e-002</data></_>
  <_ type_id="opencv-matrix">
    <rows>3</rows>
    <cols>1</cols>
    <dt>d</dt>
    <data>
      -2.1801354864956604e-001 2.2488677737988147e-001
      -1.9920057701439342e-001</data></_>
  <_ type_id="opencv-matrix">
    <rows>3</rows>
    <cols>1</cols>
    <dt>d</dt>
    <data>
      -7.9869255691316796e-002 6.5331941282954289e-002
      5.5015825382711825e-001</data></_>
  <_ type_id="opencv-matrix">
    <rows>3</rows>
    <cols>1</cols>
    <dt>d</dt>
    <data>
      -4.0662779241219991e-002 1.2100388107380056e-001
      -3.0968379985968356e-002</data></_>
  <_ type_id="opencv-matrix">
    <rows>3</rows>
    <cols>1</cols>
    <dt>d</dt>
    <data>
      -3.4124716336729873e-002 8.3240791437600059e-001
      8.2871374677462809e-003</data></_>
  <_ type_id="opencv-matrix">
    <rows>3</rows>
    <cols>1</cols>
    <dt>d</dt>
    <data>
      1.6929414420645567e-002 -1.2041408769415078e-001
      -3.7794359044940856e-002</data></_></cam_R>
