<?xml version="1.0"?>
<opencv_storage>
<cam_reprojection_error>2.2674935850429340e-001</cam_reprojection_error>
<cam_reprojection_error2>1.8357986346070124e-001</cam_reprojection_error2>
<proj_reprojection_error>3.1003691789681587e-001</proj_reprojection_error>
<proj_reprojection_error2>3.5064216040551571e-001</proj_reprojection_error2>
<stereo_reprojection_error>2.8756506774311302e-001</stereo_reprojection_error>
<cam_K type_id="opencv-matrix">
  <rows>3</rows>
  <cols>3</cols>
  <dt>d</dt>
  <data>
    1.9399523567632848e+003 0. 9.3223412160190264e+002 0.
    1.9367064481907917e+003 5.4894692029199689e+002 0. 0. 1.</data></cam_K>
<cam_dist type_id="opencv-matrix">
  <rows>1</rows>
  <cols>5</cols>
  <dt>d</dt>
  <data>
    3.2751600502586596e-002 -1.1786346556885237e-001
    -2.3735994984250539e-003 -5.5703466674901598e-003 0.</data></cam_dist>
<cam_R>
  <_ type_id="opencv-matrix">
    <rows>3</rows>
    <cols>1</cols>
    <dt>d</dt>
    <data>
      8.2234349977658716e-001 1.1227015923500948e-001
      3.0296646591938390e+000</data></_>
  <_ type_id="opencv-matrix">
    <rows>3</rows>
    <cols>1</cols>
    <dt>d</dt>
    <data>
      -1.2873482716323376e-001 2.0523727723937990e-001
      3.0825010202625140e+000</data></_>
  <_ type_id="opencv-matrix">
    <rows>3</rows>
    <cols>1</cols>
    <dt>d</dt>
    <data>
      6.6135944847857703e-002 1.3349475203679700e-001
      3.1055152094934155e+000</data></_>
  <_ type_id="opencv-matrix">
    <rows>3</rows>
    <cols>1</cols>
    <dt>d</dt>
    <data>
      8.1498958299685975e-001 7.5009733850002300e-002
      3.0272311213419729e+000</data></_>
  <_ type_id="opencv-matrix">
    <rows>3</rows>
    <cols>1</cols>
    <dt>d</dt>
    <data>
      6.0113398394268680e-001 2.2957812820638243e-001
      3.0756332435347531e+000</data></_>
  <_ type_id="opencv-matrix">
    <rows>3</rows>
    <cols>1</cols>
    <dt>d</dt>
    <data>
      -1.8011387948077873e-001 8.0454939633836459e-002
      3.0913017451571476e+000</data></_>
  <_ type_id="opencv-matrix">
    <rows>3</rows>
    <cols>1</cols>
    <dt>d</dt>
    <data>
      -1.2718512123568082e-001 -1.3572709888315068e-001
      -2.9517130190042082e+000</data></_>
  <_ type_id="opencv-matrix">
    <rows>3</rows>
    <cols>1</cols>
    <dt>d</dt>
    <data>
      2.0715489395053294e-001 2.6307753483270524e-001
      2.9382880313070276e+000</data></_>
  <_ type_id="opencv-matrix">
    <rows>3</rows>
    <cols>1</cols>
    <dt>d</dt>
    <data>
      -1.6560378413744101e-001 5.3871168717285103e-002
      3.0982247698978811e+000</data></_>
  <_ type_id="opencv-matrix">
    <rows>3</rows>
    <cols>1</cols>
    <dt>d</dt>
    <data>
      1.0172460381835116e+000 -3.4045226796109336e-002
      2.9539329075953153e+000</data></_>
  <_ type_id="opencv-matrix">
    <rows>3</rows>
    <cols>1</cols>
    <dt>d</dt>
    <data>
      2.9378976693791498e-001 2.5236459977835818e-001
      2.4654042187999661e+000</data></_>
  <_ type_id="opencv-matrix">
    <rows>3</rows>
    <cols>1</cols>
    <dt>d</dt>
    <data>
      -7.1527126946713385e-002 -1.7074333854416972e-002
      -2.5923587262234298e+000</data></_></cam_R>
<cam_T>
  <_ type_id="opencv-matrix">
    <rows>3</rows>
    <cols>1</cols>
    <dt>d</dt>
    <data>
      -1.4466546080700519e+002 9.9112565405771463e+001
      7.2220347301933271e+002</data></_>
  <_ type_id="opencv-matrix">
    <rows>3</rows>
    <cols>1</cols>
    <dt>d</dt>
    <data>
      -1.0825729302963154e+002 9.6216842546853599e+001
      7.6357111128640429e+002</data></_>
  <_ type_id="opencv-matrix">
    <rows>3</rows>
    <cols>1</cols>
    <dt>d</dt>
    <data>
      7.5848169090547060e+001 3.9712603545374932e+001
      7.3697750360612315e+002</data></_>
  <_ type_id="opencv-matrix">
    <rows>3</rows>
    <cols>1</cols>
    <dt>d</dt>
    <data>
      1.4108722751743043e+001 4.3651550383194540e+001
      6.8491312906118605e+002</data></_>
  <_ type_id="opencv-matrix">
    <rows>3</rows>
    <cols>1</cols>
    <dt>d</dt>
    <data>
      -1.5960366491381464e+002 5.0142274285176242e+001
      7.5301233175770108e+002</data></_>
  <_ type_id="opencv-matrix">
    <rows>3</rows>
    <cols>1</cols>
    <dt>d</dt>
    <data>
      -8.6756785301159198e+001 4.6103009506586986e+001
      7.6936189311620990e+002</data></_>
  <_ type_id="opencv-matrix">
    <rows>3</rows>
    <cols>1</cols>
    <dt>d</dt>
    <data>
      4.3069098016076389e+001 7.5070145928567257e+001
      7.4257657453310981e+002</data></_>
  <_ type_id="opencv-matrix">
    <rows>3</rows>
    <cols>1</cols>
    <dt>d</dt>
    <data>
      7.4058558608385269e+001 4.3213238725664866e+001
      7.3023270471991157e+002</data></_>
  <_ type_id="opencv-matrix">
    <rows>3</rows>
    <cols>1</cols>
    <dt>d</dt>
    <data>
      2.2348888039068356e+002 3.4464883969958485e+001
      7.0165598748208879e+002</data></_>
  <_ type_id="opencv-matrix">
    <rows>3</rows>
    <cols>1</cols>
    <dt>d</dt>
    <data>
      1.9453292090459331e+002 3.7974001251507808e+001
      6.1498687649197154e+002</data></_>
  <_ type_id="opencv-matrix">
    <rows>3</rows>
    <cols>1</cols>
    <dt>d</dt>
    <data>
      -6.6214777669953577e+001 -6.7790514056319267e+001
      7.7090775075664737e+002</data></_>
  <_ type_id="opencv-matrix">
    <rows>3</rows>
    <cols>1</cols>
    <dt>d</dt>
    <data>
      -6.6740519392950874e+000 5.7242838981490571e+001
      7.5622011390166040e+002</data></_></cam_T>
<proj_K type_id="opencv-matrix">
  <rows>3</rows>
  <cols>3</cols>
  <dt>d</dt>
  <data>
    2.0877453586855590e+003 0. 5.9859085937608097e+002 0.
    2.0825139091266783e+003 7.6480509876063013e+002 0. 0. 1.</data></proj_K>
<proj_dist type_id="opencv-matrix">
  <rows>1</rows>
  <cols>5</cols>
  <dt>d</dt>
  <data>
    1.5778995094249013e-001 -4.5250703780051155e-001
    -6.1892133540608109e-003 4.2513978943939303e-004 0.</data></proj_dist>
